0 261
8 265
16 261
24 261
32 260
40 258
48 263
56 261
64 260
72 260
80 260
88 260
96 261
104 261
112 260
120 259
128 261
136 261
144 262
152 262
160 263
168 260
176 262
184 260
192 260
200 261
208 261
216 262
224 262
232 262
240 262
248 263
256 263
264 262
272 263
280 261
288 263
296 263
304 261
312 263
320 263
328 266
336 265
344 269
352 268
360 269
368 266
376 267
384 268
392 268
400 270
408 271
416 274
424 274
432 275
440 278
448 278
456 279
464 279
472 282
480 282
488 285
496 286
504 287
512 282
520 284
528 288
536 289
544 292
552 294
560 297
568 298
576 297
584 302
592 305
600 310
608 309
616 317
624 323
632 326
640 327
648 333
656 339
664 338
672 342
680 345
688 345
696 361
704 361
712 369
720 371
728 382
736 384
744 395
752 402
760 418
768 405
776 414
784 427
792 433
800 439
808 449
816 455
824 466
832 470
840 485
848 498
856 515
864 536
872 556
880 566
888 586
896 585
904 600
912 620
920 649
928 672
936 707
944 727
952 765
960 788
968 828
976 867
984 909
992 945
1000 999
1008 1047
1016 1111
1024 814
1032 849
1040 888
1048 926
1056 955
1064 1005
1072 1045
1080 1090
1088 1103
1096 1166
1104 1203
1112 1279
1120 1334
1128 1740
1136 2767
1144 1703
1152 1553
1160 1640
1168 2833
1176 2873
1184 2214
1192 2144
1200 2556
1208 3398
1216 2826
1224 3073
1232 2804
1240 3253
1248 3326
1256 3701
1264 3353
1272 4204
1280 3571
1288 3600
1296 3742
1304 3911
1312 4227
1320 4437
1328 4733
1336 5153
1344 5180
1352 5230
1360 5508
1368 5671
1376 5804
1384 5967
1392 6153
1400 6438
1408 6428
1416 6567
1424 6800
1432 7038
1440 7257
1448 7560
1456 7847
1464 8100
1472 8259
1480 8514
1488 8779
1496 9060
1504 9333
1512 9838
1520 10250
1528 10630
1536 9584
1544 9749
1552 9969
1560 10322
1568 10603
1576 10902
1584 11099
1592 11382
1600 11501
1608 11784
1616 12073
1624 12330
1632 12533
1640 12811
1648 13085
1656 13385
1664 13396
1672 13720
1680 14018
1688 14281
1696 14503
1704 14830
1712 15057
1720 15340
1728 15515
1736 15763
1744 16030
1752 16343
1760 16635
1768 16939
1776 17274
1784 17605
1792 17430
1800 17678
1808 17884
1816 18131
1824 18341
1832 18578
1840 18853
1848 19147
1856 19273
1864 19535
1872 19851
1880 20130
1888 20397
1896 20646
1904 20991
1912 21229
1920 21285
1928 21497
1936 21693
1944 21927
1952 22057
1960 22159
1968 22308
1976 22446
1984 22539
1992 22668
2000 22740
2008 22869
2016 22963
2024 22998
2032 23077
2040 23132
