# observed only 0.5 dB uniform level difference
0 560
8 567
16 592
24 601
32 625
40 639
48 642
56 663
64 693
72 706
80 724
88 750
96 765
104 770
112 791
120 845
128 838
136 856
144 876
152 915
160 918
168 976
176 1018
184 1039
192 1056
200 1128
208 1145
216 1211
224 1276
232 1312
240 1354
248 1450
256 1338
264 1425
272 1482
280 1555
288 1634
296 1726
304 1801
312 1958
320 1980
328 2123
336 2239
344 2376
352 2484
360 2696
368 2864
376 3053
384 2960
392 3233
400 3408
408 3607
416 3799
424 3954
432 4155
440 4418
448 4483
456 4890
464 5158
472 5417
480 5623
488 5875
496 6217
504 6488
512 5623
520 5821
528 6050
536 6385
544 6644
552 6894
560 7185
568 7506
576 7517
584 7830
592 8111
600 8386
608 8679
616 8972
624 9156
632 9521
640 9495
648 9820
656 10226
664 10466
672 10707
680 11074
688 11288
696 11678
704 11861
712 12163
720 12402
728 12638
736 12912
744 13102
752 13483
760 13877
768 13502
776 13859
784 14155
792 14454
800 14693
808 14821
816 15306
824 15488
832 15634
840 15880
848 16213
856 16462
864 16714
872 17063
880 17344
888 17628
896 17635
904 17979
912 18120
920 18486
928 18651
936 18946
944 19096
952 19414
960 19704
968 19952
976 20219
984 20500
992 20505
1000 20957
1008 21228
1016 21380
1024 19761
1032 20036
1040 20315
1048 20556
1056 20701
1064 20858
1072 20933
1080 21336
1088 21326
1096 21391
1104 21676
1112 21832
1120 21957
1128 22143
1136 22142
1144 22376
1152 22444
1160 22471
1168 22631
1176 22667
1184 22737
1192 22795
1200 22938
1208 22966
1216 22968
1224 23000
1232 22974
1240 23158
1248 23216
1256 23112
1264 23247
1272 23361
1280 23181
1288 23278
1296 23353
1304 23349
1312 23312
1320 23306
1328 23405
1336 23464
1344 23354
1352 23323
1360 23517
1368 23554
1376 23364
1384 23592
1392 23382
1400 23660
1408 23496
1416 23716
1424 23586
1432 23564
1440 23738
1448 23730
1456 23844
1464 23735
1472 23720
1480 23758
1488 23523
1496 23812
1504 23533
1512 23812
1568 23484
