0 291
8 291
16 291
24 293
32 291
40 291
48 286
56 287
64 292
72 286
80 285
88 293
96 286
104 284
112 292
120 296
128 290
136 301
144 293
152 296
160 286
168 291
176 294
184 291
192 306
200 294
208 295
216 289
224 292
232 293
240 291
248 296
256 293
264 301
272 294
280 297
288 288
296 293
304 300
312 302
320 295
328 301
336 298
344 308
352 304
360 310
368 306
376 308
384 314
392 326
400 307
408 307
416 329
424 317
432 315
440 323
448 326
456 332
464 329
472 329
480 341
488 341
496 332
504 352
512 320
520 343
528 343
536 344
544 356
552 357
560 366
568 367
576 358
584 381
592 381
600 384
608 390
616 397
624 397
632 394
640 413
648 428
656 424
664 436
672 425
680 454
688 448
696 473
704 467
712 493
720 485
728 521
736 523
744 530
752 533
760 558
768 566
776 563
784 559
792 588
800 609
808 627
816 628
824 647
832 648
840 671
848 700
856 731
864 743
872 749
880 791
888 821
896 798
904 864
912 882
920 916
928 943
936 958
944 1014
952 1040
960 1100
968 1127
976 1181
984 1233
992 1290
1000 1365
1008 1439
1016 1513
1024 1124
1032 1205
1040 1238
1048 1295
1056 1301
1064 1375
1072 1426
1080 1521
1088 1552
1096 1610
1104 1684
1112 1747
1120 1858
1128 1922
1136 2014
1144 2191
1152 2164
1160 2259
1168 2421
1176 2551
1184 2711
1192 2853
1200 3031
1208 3216
1216 3291
1224 3489
1232 3646
1240 3831
1248 4034
1256 4167
1264 4389
1272 4610
1280 4420
1288 4685
1296 4913
1304 5160
1312 5310
1320 5535
1328 5753
1336 6101
1344 6255
1352 6460
1360 6808
1368 7060
1376 7275
1384 7586
1392 7840
1400 8157
1408 8166
1416 8492
1424 8734
1432 9063
1440 9289
1448 9576
1456 9942
1464 10371
1472 10562
1480 10851
1488 11169
1496 11558
1504 11734
1512 12064
1520 12461
1528 12827
1536 12080
1544 12438
1552 12598
1560 12872
1568 13113
1576 13443
1584 13693
1592 13980
1600 14250
1608 14469
1616 14756
1624 15130
1632 15449
1640 15663
1648 15925
1656 16441
1664 16493
1672 16669
1680 16937
1688 17248
1696 17446
1704 17703
1712 17876
1720 18033
1728 18181
1736 18310
1744 18496
1752 18682
1760 18706
1768 18889
1776 18908
1784 19016
1792 19021
1800 19029
1808 19253
1816 19247
1824 19221
1832 19263
1840 19356
1848 19362
1856 19476
1864 19468
1872 19518
1880 19653
1888 19782
1896 19529
1904 19801
1912 19766
1920 19854
1928 19755
1936 19767
1944 19931
1952 19922
1960 19851
1968 0
1976 0
1984 0
1992 0
2000 0
2008 0
2016 0
2024 0
2032 0
2040 0
