0 227
16 234
32 221
48 223
64 217
80 220
96 223
112 227
128 234
144 218
160 236
176 229
192 217
208 231
224 226
240 222
256 220
272 220
288 232
304 221
320 230
336 227
352 230
368 227
384 227
400 221
416 221
432 228
448 231
464 230
480 243
496 232
512 227
528 224
544 227
560 242
576 232
592 247
608 247
624 253
640 244
656 248
672 248
688 254
704 263
720 268
736 266
752 280
768 297
784 303
800 290
816 309
832 316
848 335
864 356
880 379
896 386
912 426
928 430
944 479
960 503
976 544
992 610
1008 655
1022 771
1023 774
1024 531
1025 548
1040 568
1056 620
1072 665
1088 689
1104 799
1120 874
1136 966
1152 1043
1168 1190
1184 1292
1200 1436
1216 1573
1232 1796
1248 2043
1264 2241
1280 2200
1296 2466
1312 2774
1328 2987
1344 3200
1360 3477
1376 3793
1392 4086
1408 4392
1424 4710
1440 5100
1456 5452
1472 5766
1488 6244
1504 6635
1520 7157
1536 6899
1552 7208
1568 7668
1584 8015
1600 8406
1616 8805
1632 9281
1648 9695
1664 9866
1680 10388
1696 10795
1712 11258
1728 11641
1744 11884
1760 12401
1776 12862
1792 13066
1808 13357
1824 13856
1840 14192
1856 14568
1872 14895
1888 15257
1904 15882
1920 16114
1936 16592
1952 16958
1968 17312
1984 17852
2000 18193
2016 18633
2032 19288
2047 19961
