0 224
7 215
8 223
15 223
16 215
23 225
24 213
31 227
32 226
39 217
40 225
47 216
48 214
55 220
56 216
63 224
64 217
71 216
72 224
79 198
80 217
87 226
88 219
95 222
96 217
103 211
104 223
111 211
112 230
119 226
120 216
127 224
128 212
135 220
136 212
143 225
144 211
151 213
152 208
159 225
160 226
167 212
168 216
175 216
176 217
183 228
184 221
191 207
192 227
199 223
200 216
207 223
208 234
215 213
216 218
223 213
224 217
231 228
232 227
239 211
240 231
247 216
248 213
255 214
256 214
263 224
264 216
271 220
272 220
279 226
280 222
287 225
288 230
295 217
296 223
303 220
304 229
311 214
312 227
319 231
320 214
327 218
328 219
335 215
336 222
343 216
344 216
351 218
352 223
359 226
360 234
367 217
368 234
375 233
376 228
383 219
384 230
391 232
392 222
399 231
400 235
407 221
408 233
415 239
416 235
423 243
424 235
431 245
432 246
439 231
440 237
447 246
448 238
455 230
456 236
463 257
464 241
471 228
472 258
479 246
480 254
487 244
488 243
495 249
496 259
503 250
504 257
511 256
512 255
519 250
520 237
527 252
528 237
535 259
536 249
543 252
544 269
551 255
552 265
559 261
560 238
567 269
568 268
575 265
576 284
583 263
584 265
591 283
592 289
599 276
600 267
607 265
608 268
615 281
616 286
623 292
624 276
631 291
632 282
639 286
640 298
647 294
648 278
655 303
656 309
663 308
664 306
671 296
672 297
679 315
680 317
687 322
688 319
695 330
696 332
703 331
704 322
711 342
712 327
719 339
720 341
727 353
728 347
735 357
736 350
743 378
744 343
751 376
752 357
759 388
760 377
767 392
768 381
775 384
776 370
783 396
784 376
791 394
792 378
799 420
800 399
807 421
808 419
815 418
816 412
823 427
824 422
831 447
832 433
839 463
840 453
847 471
848 470
855 467
856 493
863 485
864 470
871 523
872 511
879 501
880 522
887 544
888 517
895 573
896 530
903 558
904 538
911 577
912 592
919 609
920 592
927 609
928 617
935 627
936 630
943 648
944 637
951 666
952 679
959 693
960 675
967 710
968 703
975 717
976 749
983 785
984 768
991 827
992 803
999 878
1000 839
1007 913
1008 891
1015 955
1016 925
1023 996
1024 683
1031 713
1032 712
1039 757
1040 751
1047 764
1048 746
1055 811
1056 790
1063 834
1064 802
1071 836
1072 851
1079 878
1080 866
1087 913
1088 894
1095 936
1096 963
1103 993
1104 982
1111 1004
1112 1044
1119 1050
1120 1069
1127 1093
1128 1091
1135 1172
1136 1164
1143 1200
1144 1252
1151 1276
1152 1250
1159 1274
1160 1270
1167 1365
1168 1355
1175 1387
1176 1398
1183 1476
1184 1463
1191 1517
1192 1528
1199 1650
1200 1612
1207 1703
1208 1721
1215 1813
1216 1738
1223 1841
1224 1852
1231 1920
1232 1939
1239 2024
1240 2028
1247 2178
1248 2092
1255 2321
1256 2298
1263 2385
1264 2427
1271 2605
1272 2597
1279 2706
1280 2373
1287 2539
1288 2529
1295 2634
1296 2688
1303 2767
1304 2781
1311 2960
1312 2968
1319 3007
1320 3012
1327 3208
1328 3168
1335 3373
1336 3362
1343 3536
1344 3423
1351 3607
1352 3551
1359 3767
1360 3754
1367 3894
1368 3955
1375 4092
1376 4071
1383 4178
1384 4221
1391 4401
1392 4432
1399 4647
1400 4610
1407 4900
1408 4679
1415 4865
1416 4838
1423 5071
1424 4999
1431 5239
1432 5221
1439 5401
1440 5387
1447 5566
1448 5551
1455 5818
1456 5744
1463 6076
1464 5926
1471 6283
1472 6153
1479 6346
1480 6306
1487 6649
1488 6466
1495 6811
1496 6799
1503 7027
1504 6947
1511 7146
1512 7193
1519 7486
1520 7446
1527 7743
1528 7674
1535 8019
1536 7012
1543 7252
1544 7261
1551 7477
1552 7433
1559 7612
1560 7604
1567 7749
1568 7780
1575 7993
1576 7940
1583 8240
1584 8229
1591 8472
1592 8412
1599 8664
1600 8518
1607 8822
1608 8821
1615 8972
1616 8912
1623 9233
1624 9162
1631 9465
1632 9420
1639 9621
1640 9589
1647 9797
1648 9753
1655 9966
1656 9939
1663 10153
1664 9955
1671 10157
1672 10157
1679 10223
1680 10317
1687 10485
1688 10419
1695 10638
1696 10686
1703 10890
1704 10919
1711 11210
1712 11234
1719 11294
1720 11496
1727 11610
1728 11425
1735 11694
1736 11659
1743 11978
1744 11864
1751 12099
1752 12191
1759 12450
1760 12336
1767 12495
1768 12475
1775 12710
1776 12694
1783 13011
1784 12968
1791 13298
1792 12907
1799 12952
1800 13040
1807 13203
1808 13221
1815 13249
1816 13363
1823 13546
1824 13508
1831 13600
1832 13615
1839 13871
1840 13893
1847 14099
1848 14081
1855 14249
1856 14214
1863 14441
1864 14414
1871 14707
1872 14711
1879 14974
1880 14778
1887 15096
1888 15136
1895 15353
1896 15212
1903 15407
1904 15506
1911 15688
1912 15688
1919 15948
1920 15727
1927 15931
1928 15933
1935 16223
1936 16052
1943 16220
1944 16263
1951 16527
1952 16469
1959 16612
1960 16589
1967 16797
1968 16725
1975 17012
1976 17057
1983 17444
1984 17060
1991 17374
1992 17281
1999 17565
2000 17556
2007 17727
2008 17769
2015 17903
2016 18003
2023 18230
2024 18156
2031 18535
2032 18406
2039 18752
2040 18780
