0 319
8 322
16 315
24 302
32 309
40 315
48 310
56 309
64 309
72 314
80 317
88 302
96 290
104 298
112 303
120 293
128 301
136 306
144 303
152 299
160 300
168 298
176 302
184 298
192 300
200 308
208 293
216 298
224 296
232 297
240 307
248 293
256 293
264 291
272 295
280 300
288 296
296 292
304 299
312 288
320 287
328 299
336 305
344 302
352 294
360 295
368 290
376 290
384 294
392 297
400 280
408 288
416 302
424 306
432 301
440 291
448 296
456 301
464 303
472 290
480 307
488 294
496 302
504 302
512 299
520 297
528 300
536 292
544 300
552 295
560 299
568 291
576 306
584 308
592 308
600 313
608 309
616 303
624 307
632 308
640 309
648 307
656 305
664 316
672 308
680 303
688 323
696 309
704 307
712 318
720 312
728 326
736 327
744 325
752 332
760 346
768 328
776 327
784 339
792 344
800 340
808 347
816 339
824 349
832 343
840 349
848 360
856 357
864 361
872 363
880 368
888 363
896 369
904 373
912 370
920 382
928 384
936 391
944 392
952 415
960 409
968 408
976 431
984 441
992 438
1000 444
1008 461
1016 474
1024 398
1032 414
1040 430
1048 429
1056 435
1064 445
1072 444
1080 452
1088 449
1096 464
1104 472
1112 480
1120 479
1128 490
1136 492
1144 527
1152 521
1160 520
1168 549
1176 556
1184 563
1192 553
1200 588
1208 590
1216 600
1224 607
1232 622
1240 650
1248 670
1256 673
1264 689
1272 713
1280 693
1288 692
1296 716
1304 741
1312 766
1320 763
1328 789
1336 822
1344 810
1352 835
1360 868
1368 901
1376 911
1384 961
1392 989
1400 1028
1408 1035
1416 1081
1424 1116
1432 1153
1440 1199
1448 1263
1456 1353
1464 1401
1472 1422
1480 1477
1488 1603
1496 1633
1504 1718
1512 1815
1520 1878
1528 2065
1536 1725
1544 1791
1552 1850
1560 1956
1568 2040
1576 2141
1584 2249
1592 2396
1600 2459
1608 2563
1616 2683
1624 2842
1632 2973
1640 3133
1648 3276
1656 3459
1664 3425
1672 3585
1680 3714
1688 3906
1696 4011
1704 4194
1712 4366
1720 4616
1728 4735
1736 5003
1744 5209
1752 5439
1760 5619
1768 5848
1776 6111
1784 6405
1792 6121
1800 6343
1808 6597
1816 6795
1824 7033
1832 7312
1840 7499
1848 7816
1856 7961
1864 8181
1872 8463
1880 8671
1888 8988
1896 9251
1904 9593
1912 9950
1920 9990
1928 10290
1936 10590
1944 10910
1952 11173
1960 11465
1968 11770
1976 12103
1984 12272
1992 12635
2000 13012
2008 13357
2016 13614
2024 13973
2032 14315
2040 14871
