# "c64 messed up r3"
0 267
8 256
16 252
24 265
32 264
40 264
48 269
56 266
64 260
72 259
80 262
88 262
96 260
104 263
112 270
120 256
128 263
136 261
144 261
152 255
160 259
168 257
176 263
184 256
192 259
200 255
208 260
216 262
224 259
232 261
240 272
248 272
256 260
264 260
272 255
280 261
288 259
296 261
304 264
312 262
320 263
328 264
336 260
344 259
352 257
360 265
368 268
376 260
384 256
392 255
400 262
408 267
416 265
424 256
432 263
440 270
448 261
456 266
464 271
472 269
480 270
488 278
496 277
504 267
512 270
520 263
528 276
536 265
544 275
552 272
560 278
568 271
576 280
584 276
592 274
600 283
608 278
616 282
624 285
632 288
640 288
648 284
656 294
664 288
672 294
680 295
688 292
696 292
704 288
712 300
720 293
728 295
736 306
744 306
752 298
760 311
768 305
776 312
784 309
792 312
800 314
808 319
816 326
824 315
832 318
840 319
848 317
856 338
864 337
872 345
880 353
888 346
896 344
904 352
912 366
920 369
928 372
936 375
944 390
952 385
960 393
968 403
976 403
984 419
992 437
1000 436
1008 440
1016 440
1024 388
1032 397
1040 407
1048 408
1056 417
1064 426
1072 418
1080 442
1088 440
1096 441
1104 458
1112 469
1120 465
1128 480
1136 498
1144 506
1152 516
1160 513
1168 516
1176 545
1184 549
1192 575
1200 580
1208 579
1216 607
1224 617
1232 621
1240 641
1248 649
1256 685
1264 698
1272 730
1280 702
1288 724
1296 723
1304 766
1312 777
1320 809
1328 842
1336 871
1344 875
1352 911
1360 972
1368 977
1376 1005
1384 1063
1392 1091
1400 1130
1408 1111
1416 1187
1424 1216
1432 1270
1440 1315
1448 1437
1456 1473
1464 1515
1472 1558
1480 1658
1488 1747
1496 1871
1504 1932
1512 2048
1520 2197
1528 2338
1536 1921
1544 2021
1552 2108
1560 2246
1568 2344
1576 2491
1584 2600
1592 2719
1600 2804
1608 2967
1616 3121
1624 3190
1632 3336
1640 3511
1648 3696
1656 3821
1664 3835
1672 3938
1680 4114
1688 4325
1696 4519
1704 4708
1712 4884
1720 5183
1728 5234
1736 5493
1744 5693
1752 5951
1760 6146
1768 6413
1776 6701
1784 7048
1792 6712
1800 6932
1808 7155
1816 7364
1824 7622
1832 7806
1840 8099
1848 8395
1856 8489
1864 8728
1872 9023
1880 9256
1888 9441
1896 9775
1904 10127
1912 10532
1920 10569
1928 10773
1936 11009
1944 11370
1952 11581
1960 11838
1968 12265
1976 12480
1984 12653
1992 12986
2000 13210
2008 13552
2016 13950
2024 14379
2032 14748
2040 15191
