0 187
8 187
16 187
24 187
32 187
40 187
48 187
56 187
64 187
72 187
80 187
88 187
96 187
104 187
112 187
120 187
128 187
136 187
144 187
152 187
160 187
168 190
176 187
184 191
192 187
200 188
208 195
216 191
224 189
232 191
240 193
248 190
256 189
264 191
272 195
280 195
288 199
296 199
304 201
312 197
320 202
328 205
336 217
344 210
352 213
360 211
368 215
376 220
384 220
392 235
400 222
408 241
416 233
424 238
432 239
440 252
448 258
456 255
464 255
472 259
480 271
488 274
496 289
504 280
512 275
520 275
528 284
536 288
544 300
552 300
560 299
568 297
576 315
584 320
592 325
600 328
608 341
616 366
624 364
632 353
640 360
648 365
656 383
664 396
672 400
680 396
688 406
696 425
704 422
712 430
720 450
728 478
736 493
744 507
752 499
760 535
768 505
776 523
784 539
792 547
800 583
808 587
816 625
824 617
832 653
840 651
848 679
856 738
864 746
872 788
880 804
888 862
896 850
904 883
912 953
920 992
928 1049
936 1068
944 1126
952 1215
960 1209
968 1309
976 1370
984 1455
992 1579
1000 1611
1008 1740
1016 1826
1024 1290
1032 1331
1040 1419
1048 1450
1056 1525
1064 1598
1072 1695
1080 1806
1088 1820
1096 1901
1104 1990
1112 2136
1120 2230
1128 2308
1136 2487
1144 2611
1152 2537
1160 2706
1168 2827
1176 3008
1184 3076
1192 3244
1200 3427
1208 3541
1216 3593
1224 3780
1232 3913
1240 4033
1248 4265
1256 4398
1264 4524
1272 4795
1280 4605
1288 4736
1296 4920
1304 5090
1312 5324
1320 5421
1328 5648
1336 5778
1344 5922
1352 6136
1360 6311
1368 6521
1376 6725
1384 6910
1392 7073
1400 7322
1408 7264
1416 7504
1424 7718
1432 7877
1440 7981
1448 8271
1456 8465
1464 8726
1472 8829
1480 8986
1488 9235
1496 9409
1504 9636
1512 9842
1520 10104
1528 10323
1536 9879
1544 9994
1552 10178
1560 10402
1568 10595
1576 10747
1584 10994
1592 11192
1600 11418
1608 11516
1616 11690
1624 11902
1632 12132
1640 12293
1648 12431
1656 12631
1664 12675
1672 12762
1680 13065
1688 13109
1696 13302
1704 13472
1712 13728
1720 13890
1728 14070
1736 14183
1744 14344
1752 14671
1760 14865
1768 14874
1776 15174
1784 15378
1792 15200
1800 15399
1808 15531
1816 15723
1824 15818
1832 16088
1840 16184
1848 16430
1856 16524
1864 16670
1872 16837
1880 17041
1888 17222
1896 17255
1904 17630
1912 17752
1920 17804
1928 18007
1936 18129
1944 18335
1952 18501
1960 18661
1968 18890
1976 18986
1984 19019
1992 19432
2000 19442
2008 19783
2016 19825
2024 19902
2032 20206
2040 20479
