# observed level difference approximated by lowpass - ln(freq+10) + 6
0 187
8 177
16 188
24 182
32 182
40 185
48 185
56 192
64 189
72 184
80 185
88 192
96 186
104 185
112 190
120 183
128 189
136 189
144 188
152 187
160 169
168 186
176 186
184 184
192 186
200 185
208 187
216 189
224 188
232 171
240 178
248 185
256 184
264 184
272 189
280 182
288 186
296 189
304 182
312 178
320 189
328 197
336 189
344 182
352 186
360 186
368 188
376 188
384 182
392 183
400 180
408 187
416 185
424 181
432 187
440 185
448 178
456 179
464 189
472 189
480 180
488 181
496 186
504 182
512 186
520 187
528 175
536 191
544 189
552 191
560 187
568 181
576 189
584 185
592 188
600 188
608 182
616 188
624 190
632 185
640 198
648 184
656 188
664 186
672 195
680 193
688 206
696 196
704 196
712 191
720 197
728 195
736 200
744 205
752 202
760 207
768 202
776 192
784 196
792 211
800 201
808 216
816 214
824 209
832 213
840 210
848 217
856 216
864 223
872 226
880 226
888 224
896 231
904 236
912 234
920 243
928 245
936 241
944 252
952 258
960 254
968 246
976 274
984 271
992 283
1000 285
1008 278
1016 299
1024 261
1032 262
1040 271
1048 281
1056 290
1064 298
1072 287
1080 286
1088 297
1096 299
1104 312
1112 324
1120 335
1128 337
1136 339
1144 344
1152 343
1160 358
1168 367
1176 377
1184 371
1192 414
1200 412
1208 427
1216 425
1224 451
1232 472
1240 482
1248 500
1256 511
1264 552
1272 574
1280 542
1288 550
1296 573
1304 607
1312 633
1320 641
1328 699
1336 704
1344 732
1352 789
1360 807
1368 852
1376 886
1384 925
1392 962
1400 1011
1408 1060
1416 1087
1424 1139
1432 1219
1440 1258
1448 1315
1456 1388
1464 1471
1472 1509
1480 1604
1488 1687
1496 1758
1504 1898
1512 1976
1520 2044
1528 2171
1536 1949
1544 2052
1552 2097
1560 2218
1568 2270
1576 2421
1584 2566
1592 2651
1600 2722
1608 2837
1616 3021
1624 3109
1632 3204
1640 3339
1648 3492
1656 3652
1664 3640
1672 3776
1680 3937
1688 4126
1696 4158
1704 4314
1712 4496
1720 4732
1728 4782
1736 4989
1744 5195
1752 5350
1760 5512
1768 5681
1776 5837
1784 5997
1792 5952
1800 6061
1808 6235
1816 6398
1824 6631
1832 6729
1840 6928
1848 7120
1856 7262
1864 7424
1872 7599
1880 7781
1888 7888
1896 8093
1904 8286
1912 8498
1920 8504
1928 8720
1936 8862
1944 8995
1952 9243
1960 9407
1968 9605
1976 9815
1984 10058
1992 10251
2000 10450
2008 10619
2016 10969
2024 11084
2032 11339
2040 11592
