0 208
8 205
16 206
24 216
32 207
40 212
48 199
56 203
64 205
72 205
80 207
88 203
96 205
104 208
112 206
120 204
128 200
136 203
144 190
152 207
160 198
168 206
176 206
184 213
192 202
200 197
208 200
216 201
224 202
232 208
240 211
248 208
256 206
264 205
272 203
280 193
288 207
296 207
304 207
312 200
320 192
328 204
336 205
344 209
352 202
360 205
368 196
376 199
384 209
392 202
400 206
408 199
416 207
424 210
432 196
440 205
448 201
456 203
464 200
472 208
480 199
488 210
496 201
504 205
512 201
520 202
528 205
536 213
544 208
552 205
560 211
568 210
576 198
584 206
592 202
600 206
608 205
616 208
624 202
632 204
640 203
648 206
656 208
664 199
672 215
680 211
688 195
696 204
704 209
712 199
720 201
728 206
736 202
744 207
752 194
760 202
768 206
776 207
784 208
792 202
800 210
808 198
816 206
824 192
832 205
840 207
848 198
856 213
864 212
872 214
880 216
888 208
896 206
904 212
912 210
920 210
928 218
936 207
944 207
952 220
960 214
968 222
976 225
984 219
992 216
1000 214
1008 221
1016 232
1024 211
1032 224
1040 220
1048 210
1056 215
1064 215
1072 228
1080 222
1088 229
1096 215
1104 224
1112 223
1120 223
1128 244
1136 232
1144 233
1152 233
1160 230
1168 233
1176 240
1184 241
1192 245
1200 244
1208 238
1216 247
1224 260
1232 254
1240 261
1248 272
1256 267
1264 273
1272 270
1280 261
1288 260
1296 274
1304 269
1312 286
1320 273
1328 279
1336 296
1344 308
1352 307
1360 309
1368 315
1376 316
1384 316
1392 325
1400 338
1408 331
1416 344
1424 358
1432 355
1440 365
1448 362
1456 380
1464 395
1472 390
1480 415
1488 409
1496 418
1504 436
1512 448
1520 460
1528 485
1536 445
1544 450
1552 465
1560 469
1568 473
1576 506
1584 495
1592 528
1600 541
1608 554
1616 577
1624 604
1632 617
1640 634
1648 660
1656 670
1664 673
1672 731
1680 729
1688 765
1696 793
1704 827
1712 872
1720 881
1728 931
1736 986
1744 1008
1752 1070
1760 1128
1768 1168
1776 1235
1784 1304
1792 1255
1800 1328
1808 1368
1816 1455
1824 1530
1832 1602
1840 1712
1848 1760
1856 1825
1864 1898
1872 2027
1880 2100
1888 2217
1896 2311
1904 2498
1912 2633
1920 2649
1928 2808
1936 2975
1944 3075
1952 3191
1960 3315
1968 3519
1976 3706
1984 3837
1992 3995
2000 4184
2008 4395
2016 4614
2024 4806
2032 5020
2040 5360
