0 256
8 257
16 264
24 248
32 253
40 267
48 262
56 260
64 259
72 254
80 259
88 267
96 275
104 265
112 252
120 258
128 260
136 253
144 261
152 268
160 263
168 260
176 261
184 256
192 258
200 272
208 262
216 265
224 267
232 257
240 275
248 260
256 265
264 260
272 268
280 267
288 270
296 263
304 271
312 271
320 286
328 260
336 276
344 278
352 275
360 279
368 264
376 291
384 282
392 284
400 289
408 297
416 285
424 297
432 289
440 288
448 288
456 302
464 306
472 307
480 298
488 311
496 311
504 335
512 309
520 324
528 312
536 319
544 324
552 331
560 324
568 341
576 340
584 349
592 343
600 360
608 351
616 364
624 370
632 378
640 382
648 394
656 392
664 393
672 411
680 413
688 450
696 446
704 457
712 469
720 492
728 499
736 489
744 536
752 521
760 559
768 528
776 553
784 563
792 562
800 603
808 607
816 633
824 645
832 678
840 688
848 727
856 743
864 776
872 788
880 840
888 875
896 883
904 905
912 967
920 1007
928 1039
936 1136
944 1157
952 1234
960 1292
968 1385
976 1422
984 1577
992 1613
1000 1733
1008 1812
1016 1975
1024 1342
1032 1371
1040 1485
1048 1536
1056 1638
1064 1680
1072 1788
1080 1911
1088 1974
1096 2057
1104 2198
1112 2267
1120 2449
1128 2582
1136 2776
1144 2865
1152 2878
1160 3091
1168 3220
1176 3349
1184 3550
1192 3739
1200 3890
1208 4113
1216 4254
1224 4414
1232 4627
1240 4856
1248 5043
1256 5294
1264 5528
1272 5807
1280 5483
1288 5789
1296 6016
1304 6258
1312 6415
1320 6729
1328 6898
1336 7218
1344 7328
1352 7634
1360 7779
1368 8161
1376 8314
1384 8568
1392 8866
1400 9106
1408 9247
1416 9490
1424 9688
1432 9920
1440 10199
1448 10514
1456 10743
1464 11090
1472 11255
1480 11596
1488 11802
1496 12046
1504 12312
1512 12513
1520 12818
1528 13100
1536 12511
1544 12836
1552 13022
1560 13347
1568 13552
1576 13649
1584 14055
1592 14371
1600 14390
1608 14706
1616 14946
1624 15049
1632 15296
1640 15565
1648 15805
1656 16068
1664 16156
1672 16314
1680 16589
1688 16864
1696 17123
1704 17304
1712 17508
1720 17755
1728 17973
1736 18210
1744 18462
1752 18723
1760 18831
1768 19116
1776 19483
1784 19583
1792 19454
1800 19577
1808 19865
1816 20068
1824 20309
1832 20321
1840 20522
1848 20760
1856 20941
1864 21191
1872 21209
1880 21483
1888 21510
1896 21687
1904 21926
1912 21974
1920 22119
1928 22260
1936 22265
1944 22422
1952 22441
1960 22575
1968 22656
1976 22729
1984 22824
1992 22896
2000 22974
2008 22989
2016 23055
2024 23091
2032 23090
2040 23151
